1	1	2	1	0.224639997	0.247103989	0.000232184	0.224639997	0.247103989	0.000232184	471	1
2	2	3	1	0.103670001	0.114037	0.000107152	0.103670001	0.114037	0.000107152	471	1
3	2	4	1	0.164302602	0.100494199	6.77028E-05	0.164302602	0.100494199	6.77028E-05	319	1
4	4	5	1	0.238290012	0.141405001	9.26046E-05	0.238290012	0.141405001	9.26046E-05	319	1
5	5	6	1	0.113609001	0.067283004	4.40077E-05	0.113609001	0.067283004	4.40077E-05	319	1
6	6	7	1	0.343620002	0.377864391	0.000354998	0.343620002	0.377864391	0.000354998	417	1
7	7	8	1	0.281595022	0.287826985	0.000262583	0.281595022	0.287826985	0.000262583	417	1
8	8	9	1	0.078362398	0.046408802	3.03546E-05	0.078362398	0.046408802	3.03546E-05	319	1
9	9	10	1	0.051707201	0.029851802	0.000019314	0.051707201	0.029851802	0.000019314	248	1
10	10	11	1	0.028736999	0.017019	1.11316E-05	0.028736999	0.017019	1.11316E-05	319	1
11	11	12	1	0.0152852	0.009052399	5.9209E-06	0.0152852	0.009052399	5.9209E-06	319	1
12	12	13	1	0.106603205	0.063288398	4.14585E-05	0.106603205	0.063288398	4.14585E-05	319	1
13	13	14	1	0.122367188	0.073461398	4.84566E-05	0.122367188	0.073461398	4.84566E-05	319	1
14	14	15	1	0.008287801	0.0052736	3.5995E-06	0.008287801	0.0052736	3.5995E-06	319	1
15	15	16	1	0.185038015	0.120071001	8.50211E-05	0.185038015	0.120071001	8.50211E-05	319	1
16	15	17	1	0.050816	0.019691201	1.84587E-05	0.050816	0.019691201	1.84587E-05	219	1
17	17	18	1	0.099027999	0.059481002	3.93843E-05	0.099027999	0.059481002	3.93843E-05	319	1
18	18	19	1	0.0015452	0.0015874	1.4464E-06	0.0015452	0.0015874	1.4464E-06	361	1
19	19	20	1	0.292808205	0.21137239	0.000161681	0.292808205	0.21137239	0.000161681	319	1
20	20	21	1	0.268417984	0.158966005	0.000103975	0.268417984	0.158966005	0.000103975	319	1
21	21	22	1	0.100280002	0.110308006	0.000103648	0.100280002	0.110308006	0.000103648	471	1
22	20	23	1	0.00048	0.000528	4.961E-07	0.00048	0.000528	4.961E-07	471	1
23	9	24	1	0.217191815	0.137442589	2.7446E-06	0.217191815	0.137442589	2.7446E-06	210	1
24	8	25	1	0.081337102	0.0668284	5.51591E-05	0.081337102	0.0668284	5.51591E-05	319	1
25	25	26	1	0.044696	0.033448201	2.62412E-05	0.044696	0.033448201	2.62412E-05	319	1
26	26	27	1	0.171494991	0.102034494	6.73155E-05	0.171494991	0.102034494	6.73155E-05	319	1
27	27	28	1	0.0719238	0.046010598	3.14987E-05	0.0719238	0.046010598	3.14987E-05	319	1
28	28	29	1	0.044385597	0.0270172	1.79716E-05	0.044385597	0.0270172	1.79716E-05	319	1
29	29	30	1	0.0318476	0.018861201	1.23365E-05	0.0318476	0.018861201	1.23365E-05	319	1
30	30	31	1	0.056485198	0.033452399	2.18802E-05	0.056485198	0.033452399	2.18802E-05	319	1
31	31	32	1	0.027439198	0.016250398	1.06289E-05	0.027439198	0.016250398	1.06289E-05	319	1
32	32	33	1	0.00721	0.00427	2.7929E-06	0.00721	0.00427	2.7929E-06	319	1
33	29	34	1	0.179911494	0.054254398	4.28522E-05	0.179911494	0.054254398	4.28522E-05	183	1
34	34	35	1	0.236754209	0.069996998	5.59673E-05	0.236754209	0.069996998	5.59673E-05	183	1
35	35	36	1	0.132135212	0.072687998	8.88476E-05	0.132135212	0.072687998	8.88476E-05	277	1
36	36	37	1	0.111157604	0.066332906	4.40038E-05	0.111157604	0.066332906	4.40038E-05	319	1
37	37	38	1	0.149040997	0.088980906	5.90784E-05	0.149040997	0.088980906	5.90784E-05	319	1
38	28	39	1	0.194014505	0.091354199	7.58517E-05	0.194014505	0.091354199	7.58517E-05	183	1
39	39	40	1	0.056052603	0.0331962	2.17126E-05	0.056052603	0.0331962	2.17126E-05	319	1
40	40	41	1	0.134655401	0.1020028	8.04842E-05	0.134655401	0.1020028	8.04842E-05	319	1
41	8	42	1	0.023062501	0.0208485	1.79683E-05	0.023062501	0.0208485	1.79683E-05	417	1
42	7	43	1	0.01434	0.015774	1.48216E-05	0.01434	0.015774	1.48216E-05	471	1
43	43	44	1	0.0304712	0.021924401	1.59352E-05	0.0304712	0.021924401	1.59352E-05	361	1
44	43	45	1	0.1080136	0.077435203	5.89781E-05	0.1080136	0.077435203	5.89781E-05	319	1
45	45	46	1	0.017701199	0.009653999	1.17508E-05	0.017701199	0.009653999	1.17508E-05	277	1
46	46	47	1	0.084889799	0.055051997	0.000046108	0.084889799	0.055051997	0.000046108	277	1
47	47	48	1	0.245528787	0.150858596	0.000102042	0.245528787	0.150858596	0.000102042	319	1
48	48	49	1	0.051569998	0.056727	5.33019E-05	0.051569998	0.056727	5.33019E-05	471	1
49	49	50	1	0.508248985	0.322033405	2.6835E-06	0.508248985	0.322033405	2.6835E-06	210	1
50	45	51	1	0.075733401	0.041348994	5.00094E-05	0.075733401	0.041348994	5.00094E-05	277	1
51	6	52	1	0.099436194	0.058889396	3.85177E-05	0.099436194	0.058889396	3.85177E-05	319	1
52	5	53	1	0.012710201	0.007527401	4.9234E-06	0.012710201	0.007527401	4.9234E-06	319	1
53	53	54	1	0.001236	0.000732	4.788E-07	0.001236	0.000732	4.788E-07	319	1
54	2	55	1	0.074060001	0.081465997	7.65472E-05	0.074060001	0.081465997	7.65472E-05	471	1
55	1	56	1	0.181610003	0.199770987	0.000187709	0.181610003	0.199770987	0.000187709	471	1
56	56	57	1	0.088379994	0.097217992	9.13481E-05	0.088379994	0.097217992	9.13481E-05	471	1
57	57	58	1	0.066190004	0.072809003	6.84129E-05	0.066190004	0.072809003	6.84129E-05	471	1
58	58	59	1	0.039328203	0.030740401	2.47143E-05	0.039328203	0.030740401	2.47143E-05	319	1
59	59	60	1	0.029141001	0.023844	1.96696E-05	0.029141001	0.023844	1.96696E-05	319	1
60	60	61	1	0.04191	0.046101	4.33175E-05	0.04191	0.046101	4.33175E-05	471	1
61	61	62	1	0.062667802	0.037153602	2.43173E-05	0.062667802	0.037153602	2.43173E-05	319	1
62	62	63	1	0.024775	0.022283999	1.92838E-05	0.024775	0.022283999	1.92838E-05	319	1
63	63	64	1	0.045470003	0.050017003	4.69971E-05	0.045470003	0.050017003	4.69971E-05	471	1
64	63	65	1	0.072244801	0.043298598	2.86375E-05	0.072244801	0.043298598	2.86375E-05	319	1
65	63	66	1	0.043054	0.025497999	1.66775E-05	0.043054	0.025497999	1.66775E-05	319	1
66	62	67	1	0.119287804	0.0751132	7.05907E-05	0.119287804	0.0751132	7.05907E-05	277	1
67	67	68	1	0.056189999	0.061808996	5.80771E-05	0.056189999	0.061808996	5.80771E-05	471	1
68	68	69	1	0.088257	0.043079797	4.00853E-05	0.088257	0.043079797	4.00853E-05	183	1
69	67	70	1	0.050760001	0.055835999	5.24647E-05	0.050760001	0.055835999	5.24647E-05	471	1
70	70	71	1	0.154349998	0.169784993	0.000159534	0.154349998	0.169784993	0.000159534	471	1
71	71	72	1	0.097720005	0.107492	0.000101002	0.097720005	0.107492	0.000101002	471	1
72	72	73	1	0.479568005	0.284016013	0.000185766	0.479568005	0.284016013	0.000185766	319	1
73	73	74	1	0.268624008	0.159088001	0.000104055	0.268624008	0.159088001	0.000104055	319	1
74	74	75	1	0.090640001	0.053679999	3.51104E-05	0.090640001	0.053679999	3.51104E-05	319	1
75	75	76	1	0.111969605	0.061358798	7.28837E-05	0.111969605	0.061358798	7.28837E-05	277	1
76	75	77	1	0.032850001	0.036134999	3.39532E-05	0.032850001	0.036134999	3.39532E-05	471	1
77	77	78	1	0.110804208	0.070339404	0.000070698	0.110804208	0.070339404	0.000070698	277	1
78	78	79	1	0.097110614	0.0613878	7.03119E-05	0.097110614	0.0613878	7.03119E-05	277	1
79	79	80	1	0.335922718	0.212464094	0.000005292	0.335922718	0.212464094	0.000005292	210	1
80	80	81	1	0.509397268	0.322388411	6.1292E-06	0.509397268	0.322388411	6.1292E-06	210	1
81	81	82	1	0.252518028	0.159998804	1.3333E-06	0.252518028	0.159998804	1.3333E-06	210	1
82	82	83	1	0.448367506	0.251626015	1.9633E-06	0.448367506	0.251626015	1.9633E-06	170	1
83	83	84	1	0.014875001	0.009425	7.85E-08	0.014875001	0.009425	7.85E-08	210	1
84	83	85	1	0.47064504	0.298207015	0.000002485	0.47064504	0.298207015	0.000002485	210	1
85	82	86	1	0.0008925	0.0005655	4.7E-09	0.0008925	0.0005655	4.7E-09	210	1
86	86	87	1	0.301420003	0.194476992	9.2935E-06	0.301420003	0.194476992	9.2935E-06	210	1
87	87	88	1	0.056659997	0.062325995	5.85629E-05	0.056659997	0.062325995	5.85629E-05	471	1
88	88	89	1	0.597128809	0.378231198	0.000004239	0.597128809	0.378231198	0.000004239	210	1
89	89	90	1	0.147476196	0.083796605	7.27257E-05	0.147476196	0.083796605	7.27257E-05	210	1
90	89	91	1	0.400522023	0.25376761	2.1935E-06	0.400522023	0.25376761	2.1935E-06	210	1
91	87	92	1	0.1285	0.141350001	0.000132816	0.1285	0.141350001	0.000132816	471	1
92	92	93	1	0.10287001	0.113157004	0.000106325	0.10287001	0.113157004	0.000106325	471	1
93	93	94	1	0.06645	0.073095001	6.86817E-05	0.06645	0.073095001	6.86817E-05	471	1
94	94	95	1	0.089713	0.053130999	3.47514E-05	0.089713	0.053130999	3.47514E-05	319	1
95	95	96	1	0.203734011	0.120658003	7.89187E-05	0.203734011	0.120658003	7.89187E-05	319	1
96	96	97	1	0.058310002	0.036945999	3.079E-07	0.058310002	0.036945999	3.079E-07	210	1
97	97	98	1	0.0018445	0.0011687	9.7E-09	0.0018445	0.0011687	9.7E-09	210	1
98	98	99	1	0.517055035	0.327612996	0.00000273	0.517055035	0.327612996	0.00000273	210	1
99	99	100	1	0.636650085	0.40339002	3.3615E-06	0.636650085	0.40339002	3.3615E-06	210	1
100	100	101	1	0.894285083	0.566631019	4.7218E-06	0.894285083	0.566631019	4.7218E-06	210	1
101	101	102	1	0.008330001	0.005278	0.000000044	0.008330001	0.005278	0.000000044	210	1
102	101	103	1	0.672839999	0.419159979	0.000069668	0.672839999	0.419159979	0.000069668	210	1
103	100	104	1	0.018445	0.011687	9.74E-08	0.018445	0.011687	9.74E-08	210	1
104	99	105	1	0.006545	0.004147	3.46E-08	0.006545	0.004147	3.46E-08	210	1
105	105	106	1	0.133199588	0.078885198	5.15964E-05	0.133199588	0.078885198	5.15964E-05	319	1
106	97	107	1	0.597379983	0.378507972	3.1542E-06	0.597379983	0.378507972	3.1542E-06	210	1
107	96	108	1	0.0004165	0.0002639	2.2E-09	0.0004165	0.0002639	2.2E-09	210	1
108	94	109	1	0.197196499	0.095017604	9.446E-07	0.197196499	0.095017604	9.446E-07	170	1
109	92	110	0.05	0.2	-8.62513E-17	0	0.2	-8.62513E-17	0	471	1
110	81	111	1	0.514080048	0.325727999	2.7143E-06	0.514080048	0.325727999	2.7143E-06	210	1
111	72	112	1	0.40132761	0.229805201	3.78742E-05	0.40132761	0.229805201	3.78742E-05	210	1
112	57	113	1	0.108601607	0.059906002	7.31313E-05	0.108601607	0.059906002	7.31313E-05	277	1
113	113	114	1	0.059145603	0.032207999	3.95539E-05	0.059145603	0.032207999	3.95539E-05	277	1
114	114	115	1	0.094356209	0.0534182	5.12588E-05	0.094356209	0.0534182	5.12588E-05	277	1
115	113	116	1	0.12669	0.075029999	4.90748E-05	0.12669	0.075029999	4.90748E-05	319	1
116	116	117	1	0.087138005	0.051606003	3.37539E-05	0.087138005	0.051606003	3.37539E-05	319	1
117	117	118	1	0.127126202	0.077129401	5.12052E-05	0.127126202	0.077129401	5.12052E-05	319	1
118	118	119	1	0.0962511	0.036392096	2.31747E-05	0.0962511	0.036392096	2.31747E-05	185	1
119	119	120	1	0.150627196	0.089450501	5.88073E-05	0.150627196	0.089450501	5.88073E-05	319	1
120	120	121	1	0.148278803	0.088519402	5.87641E-05	0.148278803	0.088519402	5.87641E-05	319	1
121	121	122	1	0.062970802	0.038158499	2.53227E-05	0.062970802	0.038158499	2.53227E-05	319	1
